Time	Sample	OD	SD
0	PCL-flu	100	0
1	PCL-flu	70.31911309	9.774235397
2	PCL-flu	59.66365052	8.93400177
3	PCL-flu	55.50227418	8.531440709
4	PCL-flu	52.83365611	8.091182315
5	PCL-flu	52.24946086	8.571154391
6	PCL-flu	51.97115891	9.589731651
0	∆flu	100	0
1	∆flu	90.94342869	4.277840255
2	∆flu	86.41792372	5.155478547
3	∆flu	84.50677175	4.481583738
4	∆flu	80.8246417	5.009789986
5	∆flu	75.36021294	2.815692657
6	∆flu	74.91678613	4.449236158
0	I1	100	0
1	I1	98.55560488	5.457736952
2	I1	94.17139404	4.733124783
3	I1	88.73214933	3.945325473
4	I1	91.27503667	3.188093814
5	I1	86.19511965	5.620643377
6	I1	85.40418387	5.324984749
0	R1	100	0
1	R1	96.03586017	5.17991876
2	R1	92.69626755	6.200461076
3	R1	89.78878937	4.867883912
4	R1	88.43492951	4.079111467
5	R1	83.68847938	4.633116316
6	R1	82.71147043	5.908798144
